              precision    recall  f1-score   support

           0       1.00      1.00      1.00       504
           1       1.00      1.00      1.00       497
           2       1.00      0.98      0.99       440
           3       0.99      1.00      0.99       502
           4       0.98      1.00      0.99       454
           5       1.00      1.00      1.00       421
           6       1.00      1.00      1.00       456
           7       0.96      0.96      0.96       410
           8       1.00      1.00      1.00       477
           9       0.96      0.96      0.96       477
          10       1.00      1.00      1.00       465
          11       0.99      0.99      0.99       472
          12       0.99      0.99      0.99       480
          13       1.00      1.00      1.00       430
          14       1.00      1.00      1.00       423
          15       1.00      1.00      1.00       503
          16       1.00      0.99      1.00       459
          17       1.00      1.00      1.00       432
          18       1.00      1.00      1.00       478
          19       0.99      0.99      0.99       497
          20       1.00      1.00      1.00       485
          21       0.99      0.99      0.99       485
          22       1.00      0.97      0.99       456
          23       1.00      0.99      0.99       445
          24       0.98      1.00      0.99       505
          25       1.00      1.00      1.00       434
          26       0.99      1.00      1.00       444
          27       1.00      1.00      1.00       456
          28       1.00      0.98      0.99       425
          29       0.94      1.00      0.97       480
          30       0.99      0.95      0.97       463
          31       0.99      0.99      0.99       470
          32       0.99      0.98      0.99       436
          33       0.98      0.99      0.99       435
          34       0.99      0.95      0.97       457
          35       0.99      1.00      0.99       490
          36       0.97      1.00      0.98       448
          37       0.99      1.00      0.99       481

    accuracy                           0.99     17572
   macro avg       0.99      0.99      0.99     17572
weighted avg       0.99      0.99      0.99     17572
